{
    "IIIIIIZIIIIIIIZIZZIZIZZIZZIZIIZZIIZIII": 1.0000000000000004,
    "IIIIIIZIZIIZIIIIIZIIZZZZZIIIZZZIIZZIIZ": 1.0000000000000004,
    "IIZIZZIIIZIIZIIZIZIIIIIIIIIIIZIZZIIZZZ": -1.0000000000000004,
    "IZIZZZZIZZIIIIZIZZZZZIZZIIZIYZZXZYZZXZ": 3.1527529703658616e-58,
    "IZZZIIZZXZZXZZYZIIXZYZIIIIZIIZIIIZYIZI": -7.299755825663788e-83,
    "IZZZIZIZZIZIZZIZIIZYIYXZXZXIZYZIZIZZIZ": -5.481773706658493e-81,
    "IZZZZIIIIZZIIZIZIZIIZIIZZIYIZIZYIXXZZI": -1.6568097772083537e-52,
    "YXIXIZIXXIIZIXZZZIZXZIZIZIZZZZZIXZZZIY": 1.4313391021000683e-124,
    "YYIIZXZXIYZXZZZZIIIYZXZXYXIZZZZZZYXXII": -3.1716503937271216e-190,
    "ZIIZIIIZZZIZZZIIIZZIZIZZZZIXIZIXIYIYIZ": 9.523719270614778e-59,
    "ZIIZIZIIZZZZZZIIIZZIZZZZIZIIIZZIIZZIZZ": 1.0000000000000004,
    "ZIZZIZIZZIZZIZZZZZZZZIIZZZYYZZZZZZXXII": -9.962705084530671e-53,
    "ZIZZZIZZXXZXXZZZIZZZZIIIZIZIYZXZZIZZII": 1.217829495483006e-79,
    "ZZIIIIIZIZIZZZIZZIZIZZZZIIZZIIYXYXIIZI": 4.2385196338943424e-64,
    "ZZIZZZIZZIIZIZIIIIIIIZIZIZIIIIIZIZIZII": -1.0000000000000004
}