{
    "IIYYYIZZZXZIIZIZZZIZYIZIZIZZZZZIIIIIXZZY": -1.9865065783470623e-90,
    "IIZZYZYIYXIZZXXZZYZZZZIZZZYZZZZIZXYYIIYX": 2.0943305230263988e-175,
    "IZIIZZIIYZIIXZXIZZZZZZIZZIIYIIYZIZIZZYZI": 4.781014888877093e-80,
    "IZZZXZZIIYIIIIIZZIZIZYZIZYZZYZIYZZIZYZXZ": -2.7419844723077373e-101,
    "ZIZZZZZZYZZIZZIZYZZYZYZZIZZIIZZZZZZIZYZI": 4.918895743982115e-61,
    "ZXXIYZZIZZZZYZIIZIIZIZZIZIIZZZXXZZXZZZZZ": -7.162341512934505e-103,
    "ZYIZXIIZXZZZYZIYZZIXZZZIIIZZZIIZYZIZIZZI": -3.6773045524146696e-96,
    "ZYZIZXZIZIZIZIYIIIZIIIZXIIIIZXIYZYZZZZZX": -3.3154729944802976e-110,
    "ZYZZIIIZZZIZIZIXIIIZYZIXIIZIZZZXIYIZIZIY": -4.6623288747782224e-97,
    "ZZIIZIZXYZZZIZYIZIZZIZZZYXZYXYIIZIZZYYXZ": 2.9973465216657073e-145,
    "ZZIZZZZIZIIZIZXZZIZIZXZZYZIIZIZZXZZZIZZY": 4.558451163375045e-71,
    "ZZXIXXIYYXIZIZIZZIXZIZZZZZZIIIIIZZIIYZZX": -1.1497861442291788e-127,
    "ZZYZXXZZZZZZZXZIZZYXZZZIXZZZZZZYZXZZIXII": 1.2828427508469768e-142,
    "ZZZIZIZIZZZYIIZZXIZIXXXZIYYZZZIIIIXZYZZZ": 1.5928024365745536e-126,
    "ZZZIZZIIZYIZIIXXIXZZZZZIIZZYZIIZZZZZIZIY": -1.7161481031796958e-82
}