{
    "IIIZXIZZZYIXIZZZZYZXZZIZZZZZZIZYZYIIIIZZZY": 2.0580536687730824e-105,
    "IIZIIZZIZZIZZYZIZIZZIIZIIZZIXZIYXZIIIZYZZY": 2.396068469711558e-77,
    "IIZZIIZZZZIZZIZIIZZIZIYIZZXIZYIIZZZZIZZZZZ": -5.764606015208577e-37,
    "IXIZYZZIZIZZZZXIXXYZIIZZIZZZZZIZIIZIZIZZZZ": -3.6383158485956972e-81,
    "IXZIZZZZYIZIZZZYYXZIZIZIZZIIZXZZZZZYZIIZZZ": -7.312898092363148e-91,
    "IZIZIIZZZIIZIZZZZZZIIXIZZYZYZYXZZZZYIZZIZI": 4.592851266960382e-81,
    "IZZIZIZZIZIIZYYIIXZXZZXZYYIZIYZIYZXIIZYIZZ": -1.0053081322163228e-142,
    "XIXIIZYIZZIIIIZZZIXYYZZYZXXZZIIZZZZIZXIZIX": 2.7444434360511555e-146,
    "YZXZIXZIYIZIZZIIIZZZZZIIIZYZZIYIZZIZZIZZZZ": 1.0257084531681058e-79,
    "ZIZIZIYXIZZZIZZIYIXZZXZZZIZZZIYIZYZXIZIYYY": -1.2578183138559577e-144,
    "ZIZZXZZZIZYIZIIXZZZYZZZZYZZZZIZZIZXYZZXIYZ": 8.07037613776923e-117,
    "ZXIZYZYZZYXZIZIZIZYIZIZZZIYYIIZZXYYXZXYXII": -1.5496497711500487e-188,
    "ZYZZXZYZIZYZZIIIZZZZZZIIZYXZZZXIZIZZZZZZYI": 1.0424812443094404e-109,
    "ZZIXZIXXZZXYZIIIZXIXZZIZZIIZXXIIZZZZIIZYZY": 3.2065794174786594e-158,
    "ZZZZIZIYYYZZZZIZZZYIZIZIZIYZZIXZIZIIZZIZIZ": -5.49616797595181e-75
}