fidelity_estimate=0.999999999999889
simulation_time=789.7259125709534
final_state_memory=55923328
shot_time=27.378228187561035
expectation_value_time=1.2997593879699707
mirror_fidelity=1.0000000000000022
