fidelity_estimate=0.2758121373649477
simulation_time=5138.563358068466
final_state_memory=171328
shot_time=23.91256070137024
expectation_value_time=0.8760874271392822
mirror_fidelity=0.24112874354405445
