fidelity_estimate=0.9772851350689297
simulation_time=763.5550091266632
final_state_memory=33152
shot_time=11.560449361801147
expectation_value_time=0.5003721714019775
mirror_fidelity=1.0000000000000013
