fidelity_estimate=0.1487070099637942
simulation_time=226.18659853935242
final_state_memory=1191808
shot_time=14.756377935409546
expectation_value_time=0.8264062404632568
mirror_fidelity=0.19969912225342873
