fidelity_estimate=0.26142405980815503
simulation_time=78.68623638153076
final_state_memory=506752
shot_time=14.367376565933228
expectation_value_time=0.8231010437011719
mirror_fidelity=0.5185070757164782
