fidelity_estimate=0.9999999999999913
simulation_time=9.409282207489014
final_state_memory=78464
shot_time=9.939178705215454
expectation_value_time=0.566091775894165
mirror_fidelity=1.0000000000000009
