fidelity_estimate=0.9894045119488653
simulation_time=759.5447299480438
final_state_memory=960
shot_time=9.276113271713257
expectation_value_time=0.406749963760376
mirror_fidelity=1.0000000000000018
