fidelity_estimate=0.9304559518286729
simulation_time=661.919858455658
final_state_memory=1216
shot_time=11.053361177444458
expectation_value_time=0.48662471771240234
mirror_fidelity=1.0000000000000013
