fidelity_estimate=0.8533361190551256
simulation_time=175.87224507331848
final_state_memory=22719104
shot_time=15.168055295944214
expectation_value_time=0.7549576759338379
mirror_fidelity=0.9357921382699951
