{
    "IIYIIIYIXIIYZIIIYZIXXIZZIIYXXIXZIIZI": -2.571662925274651e-16,
    "IXXXIZIIIXIIZIIXIXIIZIIXXXZXZZZIIIYX": 8.134712545390513e-09,
    "IXYIIXXXXXZXIIZIIXIXIZXXIYZIXXXIXXZZ": 7.564169324828182e-13,
    "IXYIXXIIIIXZZXXXIXIIYIXIYIIZZIXIIIIX": 1.7239091722314677e-08,
    "IXZXIYIXYIZZIIIXIIXXZZXIIYXZXXIIIXIX": -4.693859180029621e-11,
    "IYIXIIXIXZIZIZXIXZZIYZZXZZXZIXXIXIXY": 8.42906320242329e-16,
    "IYXZIIYXXXXIIIZZIIZIZZXXIZZXXIZXXIZZ": 1.6313245151987854e-14,
    "IYZZXXZIXIYIIYIIYXZXXXZZIZZXIYZZXZZI": 2.1481064503186934e-25,
    "XXYIIIXIZIZIXIXIXXIXXXIIXYZZZIIIZXZZ": -2.2731891141669356e-17,
    "YIIIXYIIZIZIIZYXYZZYXIXIIIIIYIZIXZXX": -6.691473950153261e-16,
    "YIIXIIIXIIIXXIXIYZIXZXIXXXIIXZXIXIXX": -1.6138048433157886e-09,
    "YXIIIYZIXYYIIYXIXIXIXYIIIZIXIXXZXZIZ": 1.8846841676051814e-19,
    "YXIZZIIZZXYZXXZXYIXXIZXIIIZIZIIYIYYX": 1.8297938142063934e-13,
    "YXYXYXYYYXYXZIZZIYIZIZXXXIXIXXIIIYII": -1.2508228079295215e-15,
    "ZZIXXXXIIZIXIIZXIZIIIXXYXXIXIXXIIIZI": -4.413666100978044e-12
}