{
    "IIIIYZZZIIIZIXIYZXIYXIXXXXIZ": -2.7150551346048203e-18,
    "IIIZIYIXZYXIYXIZIXYIIIIXXXXZ": 1.0522390410332462e-17,
    "IXXZIZIZYYYXXIIXIIYIXIIIXXXI": -0.013222961889666172,
    "IXZIZIZIYIXXIXXXIIYXXIIXXIXX": 0.13182615054918945,
    "IZIIIYXYIZYIXIXXIXYYZIXXXXIX": -0.0021001842364561777,
    "IZXIXIYXYXXZXIIZYXIYIXIXXXZX": 1.2565941895215567e-20,
    "XIIIIIIIIZIZZZIIZIXIIXXIZIXZ": 2.2595115715242826e-18,
    "XIIYZIYXXIIIXZIXXZYXZZXXXIXZ": 5.8861131026418105e-19,
    "XIZIIZZXYIXIXIXXXXYYYZIXXIXI": 0.009114319390461234,
    "XZZZXZIXYXIIIIXIIXZZZIIIIXIX": -0.005987486431727801,
    "ZIIZIIZIXXIIIIXIIIZZIXIXXIIX": -0.17075455266812914,
    "ZIIZZIYZIIIIXXIIXIZYIIXXIIXI": -0.1262831052322273,
    "ZIYXXXIIYZIXXXXXXIIXIIXIXIXI": 0.04007973681980441,
    "ZIYZIIZIYXXZXXIIXIXXIXXIXXII": -0.006358289115175441,
    "ZZYZIIYIYZIIIXIXIXZIIIIIIXXX": 0.19879556687488173
}