{
    "IIXIIZXZYZZIYXZZIXIYIYZZXZZI": -2.6455636315599523e-62,
    "IZXIZIXXZZIXZYZIXXIZIXXXIXXZ": -2.7252562592642305e-62,
    "IZXXXXZXXYIXIIXXZYZIIXYXXIII": -4.6751649648248495e-62,
    "IZZXXZYYZXZXZZYZZXZYZIIZZZIZ": 4.598618863981204e-48,
    "XIZIZIZIZIXXYXZXIXXXZIYXIIIZ": -1.640721684263954e-62,
    "XXXZZZIZIZXIIXXIYZXZIXZZZXXI": -2.615859216171873e-63,
    "XZXZIZIIIXIIXZIIXXIZXXZIYIZZ": 4.3787583497497493e-63,
    "XZZIIIIZXZZIZXXZZZXXXZXZYZXX": -1.0271631486856624e-62,
    "YIXIIZXYXXZZIIXZXXZIIZIYIZYY": 3.038581678643174e-63,
    "ZIXXIXXZZZXIZZZXYXXZIXXZYZXZ": -7.744294639422201e-63,
    "ZXXIXIXZXZIXIZXIXZIXIIZIIXZX": 7.197877589026489e-62,
    "ZXXYXZIXIZZZYIXXZXXZIZXXZXYZ": -1.3593562120674531e-62,
    "ZXZXZIXIIZXZXZZXZYZXIXZXXXZX": 6.6848796930149035e-62,
    "ZYYZYIXIIIZIZZIZZYIXIXZXXZZZ": 2.949757545606347e-32,
    "ZZXZXXIZIIIIIIXZYZYZXXYIZYIX": 4.017035508302302e-63
}