fidelity_estimate=0.9531821149903016
simulation_time=22.180458068847656
final_state_memory=216064
shot_time=19.16885781288147
expectation_value_time=1.0417203903198242
