{
    "IIIXZIYIIIYIZIIIZYIXIXXXIIYZIIXXXIII": -0.027226896933910838,
    "IIXXIZYIIZZIIXZZZYXXXIIIIIYYIIIXXXII": -0.00882796449744498,
    "IIYZZZIIIYXIZXYZIZIYIIXXXIXXXXXIIIII": 0.0014790973517710873,
    "IYXYIXXIXIXXZIXXZIZIIIXZXXZIXIXIIIIZ": 8.377401434097617e-17,
    "IZXZIZZXZYXIZZZZYZXXIXIXIXZZXXXIXIXX": 0.04587767952614478,
    "XIIZIIIXYXIZXIIYYIIIIIIXIXIXZIXXXIIY": 3.0611136000669277e-10,
    "XIIZXIXIXIZIXIYIXIIXZIXIIYXXIYZZYYZX": 7.232802860437881e-16,
    "ZIIIIXIXXYXIYIIZIIIXIXIYIYIZZXZYIIXX": 1.288735583249497e-09,
    "ZIIIXXYIIZIIIIIIIIIIYZIYIXXIZIZIXXXX": 1.9822608878690925e-08,
    "ZIIIZZZZZIZZXIIIYYIXXXXXIIYYIIXXIXII": -0.030082789197417824,
    "ZIIXZZZIIZIIIXZIYYIIIIIXIXZZXIIIXXXX": -0.08718346688982298,
    "ZIXXZXIXZIYZZZIZYXZIIXIXIIZZIXIXIIIX": 0.0074780584813383295,
    "ZZIIZIXYIXYZIZZZIIXIXXIXXIYYXIIXIXXI": -0.01017723209631815,
    "ZZXYZZIIIXYZIZZZXIIIXIIIIIZZXIIIXIXI": -0.015925385706129457,
    "ZZYZIZIIIIIIZZZZYZIXIXXIIXIIXIIIXXXX": -0.03881369646742206
}