{
    "IIIIZIIIIZIXIZIIIXXIIXXXIXXIXIIXIIXX": -0.2449213341059023,
    "IIIYIIIIIXYZIIIIIZIYXXZXIIXXIZIXIXXI": 1.0047806514902897e-07,
    "IIIZZIIZIZIIIZIIXIXIIIIXIIIIIXIXXIXX": 0.36435425880212735,
    "IIXZIIIIZZIXIIIXXIXIIXIIXXXXXIIXIIII": -0.015623916241774732,
    "IXIIIIZIIIIZIIZXIXXXXXXXXIXXIXXXXXIX": 0.01586292665563016,
    "IXIXZZZXIXXIXZXIIZXXYIXYZXIXYIZZIIZI": -7.098796287169597e-17,
    "IZIIIXXIXZXIYXZXIZIIIZXIYIXXZIIZXXYI": -2.2291138444834955e-18,
    "ZIIIIIIZZIXIZZXIXIXIIXIIIXIIIXIIXXXX": 0.0879336883896668,
    "ZIIIZXZYZZXZZZXIYIIXXIIXXIXXXIIXXIXX": 0.00044285517004252626,
    "ZIYIYIXZZXIXIXXIZZZIIZZIXXZZIXYZIZII": -9.2629156212439e-16,
    "ZXIIIZIIIIIIIIXZIXIIIIIIXXXIIIXIXIIX": 0.004271521785490922,
    "ZXIIZZZZIZIIIZIXIIIIIIXIXIIIIIIXIIXX": 0.03050010754686886,
    "ZZIYZIIZZIXYZIXIZXIXXXIXIXIXIIXIXIIX": 0.040511366958843394,
    "ZZXZIYIIXXIIIIYXXZYZZZIZIIZZXXIXIXIX": -5.042993608954147e-15,
    "ZZZZIXIZIZIXIZIIXXIIXXIXXXIXXIIIXIII": 0.001002592946852576
}