fidelity_estimate=0.9371650946322944
simulation_time=83.41103601455688
final_state_memory=208800
shot_time=22.184202194213867
expectation_value_time=0.7165639400482178
mirror_fidelity=0.9221913870992998
